30709896039
20957224688
30713583606
20392073842
20181052520
20135927091
30710580541
20338690968
20245174900
30682249095
27057694772
30679216895
27342197480
30638688340
30698783962
30575498821
30708079487
20327967127
30716096641
30661469192
20172147691
30709252247
27113926746
33715255729
33693804049
30505049892
30710617488
20305321754
27352078129
20269338572
30714525251
20045582702
20222291209
30711789533
20220970389
30715211935
23305181919
30711382662
30616556963
30626296250
27265878852
20299627072
20108743604
30573177424
30670865882
23371969489
30714647462
30710625367
30711678820
30659692763
30681505381
20373272095
20259888159
30654936419
27397446110
20309250460
30640783199
30651329171
20174901539
30711667802
30708565780
30714247200
30714894400
30716226790
30501126965
33592725229
30677701133
20274318180
30658183636
33707054749
30626759013
27344914473
20141341341
30716282011
30712272321
20168977027
23283383334
30714042897
27124654675
20278264611
30716591510
30709081353
33715464379
30711149852
30716008459
30610298601
27139608882
30710379633
30658777005
20105607572
30709294330
30708488891
20394170373
27161314485
30707916083
30716002361
30622221213
30709748579
20144075863
20055149500
30716172925
20209408164
33500867979
30708982888
27056919355
20225449180
20259832072
20143102646
20237516282
23344462119
30699346329
20214055512
20246306428
20119396612
30714089486
23262302709
27360706678
30716595109
30705544472
27351254322
27341339141
